time_step,kiv0_X,kiv0_Y,kiv0_X_EST,kiv0_Y_EST,kiv0_X_AVG,kiv0_Y_AVG,kiv0_X_MIN,kiv0_Y_MIN,kiv1_X,kiv1_Y,kiv1_X_EST,kiv1_Y_EST,kiv1_X_AVG,kiv1_Y_AVG,kiv1_X_MIN,kiv1_Y_MIN,kiv2_X,kiv2_Y,kiv2_X_EST,kiv2_Y_EST,kiv2_X_AVG,kiv2_Y_AVG,kiv2_X_MIN,kiv2_Y_MIN,kiv3_X,kiv3_Y,kiv3_X_EST,kiv3_Y_EST,kiv3_X_AVG,kiv3_Y_AVG,kiv3_X_MIN,kiv3_Y_MIN,kiv4_X,kiv4_Y,kiv4_X_EST,kiv4_Y_EST,kiv4_X_AVG,kiv4_Y_AVG,kiv4_X_MIN,kiv4_Y_MIN,kiv5_X,kiv5_Y,kiv5_X_EST,kiv5_Y_EST,kiv5_X_AVG,kiv5_Y_AVG,kiv5_X_MIN,kiv5_Y_MIN,kiv6_X,kiv6_Y,kiv6_X_EST,kiv6_Y_EST,kiv6_X_AVG,kiv6_Y_AVG,kiv6_X_MIN,kiv6_Y_MIN
1,-1,-1,-1,-1,-1,-1,-1,-1,,-1,-1,,-1,-1,-1,-1,-1,-1,-1,-1,,-1,-1,,-1,-1,-1,-1,-1,-1,-1,-1,,-1,-1,,-1,-1,-1,-1,-1,-1,-1,-1,,-1,-1,,-1,-1,-1,-1,-1,-1,-1,-1,,-1,-1,,-1,-1,-1,-1,-1,-1,-1,-1,,-1,-1,,-1,-1,-1,-1,-1,-1,-1,-1,,-1,-1,
2,-1,-1,-1,-1,-1,-1,-1,-1,,-1,-1,,0.755148,-0.352172,0.800178,-0.383395,-1,-1,-1,-1,,-1,-1,,-1,-1,-1,-1,-1,-1,-1,-1,,-1,-1,,-1,-1,-1,-1,-1,-1,-1,-1,,-1,-1,,-1,-1,-1,-1,-1,-1,-1,-1,,-1,-1,,-1,-1,-1,-1,-1,-1,-1,-1,,-1,-1,,-1,-1,-1,-1,-1,-1,-1,-1,,-1,-1,
3,-1,-1,-1,-1,-1,-1,-1,-1,,-1,-1,,0.755148,-0.352172,0.852859,-0.417422,-1,-1,-1,-1,,-1,-1,,-1,-1,-1,-1,-1,-1,-1,-1,,-1,-1,,-1,-1,-1,-1,-1,-1,-1,-1,,-1,-1,,-1,-1,-1,-1,-1,-1,-1,-1,,-1,-1,,-1,-1,-1,-1,-1,-1,-1,-1,,-1,-1,,-1,-1,-1,-1,-1,-1,-1,-1,,-1,-1,
4,-1,-1,-1,-1,-1,-1,-1,-1,,-1,-1,,0.755148,-0.352172,0.895505,-0.416259,-1,-1,-1,-1,,-1,-1,,-1,-1,-1,-1,-1,-1,-1,-1,,-1,-1,,-1,-1,-1,-1,-1,-1,-1,-1,,-1,-1,,-1,-1,-1,-1,-1,-1,-1,-1,,-1,-1,,-1,-1,-1,-1,-1,-1,-1,-1,,-1,-1,,-1,-1,-1,-1,-1,-1,-1,-1,,-1,-1,
5,-1,-1,-1,-1,-1,-1,-1,-1,,-1,-1,,0.755148,-0.352172,0.914973,-0.441555,-1,-1,-1,-1,,-1,-1,,-1,-1,-1,-1,-1,-1,-1,-1,,-1,-1,,-1,-1,-1,-1,-1,-1,-1,-1,,-1,-1,,-1,-1,-1,-1,-1,-1,-1,-1,,-1,-1,,-1,-1,-1,-1,-1,-1,-1,-1,,-1,-1,,-1,-1,-1,-1,-1,-1,-1,-1,,-1,-1,
6,-1,-1,-1,-1,-1,-1,-1,-1,,-1,-1,,0.755148,-0.352172,0.914973,-0.441555,-1,-1,-1,-1,,-1,-1,,-1,-1,-1,-1,-1,-1,-1,-1,,-1,-1,,-1,-1,-1,-1,-1,-1,-1,-1,,-1,-1,,-1,-1,-1,-1,-1,-1,-1,-1,,-1,-1,,-1,-1,-1,-1,-1,-1,-1,-1,,-1,-1,,-1,-1,-1,-1,-1,-1,-1,-1,,-1,-1,
7,-1,-1,-1,-1,-1,-1,-1,-1,,-1,-1,,0.755148,-0.352172,0.914973,-0.441555,-1,-1,-1,-1,,-1,-1,,-1,-1,-1,-1,-1,-1,-1,-1,,-1,-1,,-1,-1,-1,-1,-1,-1,-1,-1,,-1,-1,,-1,-1,-1,-1,-1,-1,-1,-1,,-1,-1,,-1,-1,-1,-1,-1,-1,-1,-1,,-1,-1,,-1,-1,-1,-1,-1,-1,-1,-1,,-1,-1,
8,-1,-1,-1,-1,-1,-1,-1,-1,,-1,-1,,0.755148,-0.352172,0.914973,-0.441555,-1,-1,-1,-1,,-1,-1,,-1,-1,-1,-1,-1,-1,-1,-1,,-1,-1,,-1,-1,-1,-1,-1,-1,-1,-1,,-1,-1,,-1,-1,-1,-1,-1,-1,-1,-1,,-1,-1,,-1,-1,-1,-1,-1,-1,-1,-1,,-1,-1,,-1,-1,-1,-1,-1,-1,-1,-1,,-1,-1,
9,-1,-1,-1,-1,-1,-1,-1,-1,,-1,-1,,0.755148,-0.352172,0.914973,-0.441555,-1,-1,-1,-1,,-1,-1,,-1,-1,-1,-1,-1,-1,-1,-1,,-1,-1,,-1,-1,-1,-1,-1,-1,-1,-1,,-1,-1,,-1,-1,-1,-1,-1,-1,-1,-1,,-1,-1,,-1,-1,-1,-1,-1,-1,-1,-1,,-1,-1,,-1,-1,-1,-1,-1,-1,-1,-1,,-1,-1,
10,-1,-1,-1,-1,-1,-1,-1,-1,,-1,-1,,0.755148,-0.352172,0.914973,-0.441555,-1,-1,-1,-1,,-1,-1,,-1,-1,-1,-1,-1,-1,-1,-1,,-1,-1,,-1,-1,-1,-1,-1,-1,-1,-1,,-1,-1,,-1,-1,-1,-1,-1,-1,-1,-1,,-1,-1,,-1,-1,-1,-1,-1,-1,-1,-1,,-1,-1,,-1,-1,-1,-1,-1,-1,-1,-1,,-1,-1,
11,-1,-1,-1,-1,-1,-1,-1,-1,,-1,-1,,0.755148,-0.352172,0.914973,-0.441555,-1,-1,-1,-1,,-1,-1,,-1,-1,-1,-1,-1,-1,-1,-1,,-1,-1,,-1,-1,-1,-1,-1,-1,-1,-1,,-1,-1,,-1,-1,-1,-1,-1,-1,-1,-1,,-1,-1,,-1,-1,-1,-1,-1,-1,-1,-1,,-1,-1,,-1,-1,-1,-1,-1,-1,-1,-1,,-1,-1,
12,-1,-1,-1,-1,-1,-1,-1,-1,,-1,-1,,0.755148,-0.352172,0.914973,-0.441555,-1,-1,-1,-1,,-1,-1,,-1,-1,-1,-1,-1,-1,-1,-1,,-1,-1,,-1,-1,-1,-1,-1,-1,-1,-1,,-1,-1,,-1,-1,-1,-1,-1,-1,-1,-1,,-1,-1,,-1,-1,-1,-1,-1,-1,-1,-1,,-1,-1,,-1,-1,-1,-1,-1,-1,-1,-1,,-1,-1,
13,-1,-1,-1,-1,-1,-1,-1,-1,,-1,-1,,0.755148,-0.352172,0.914973,-0.441555,-1,-1,-1,-1,,-1,-1,,-1,-1,-1,-1,-1,-1,-1,-1,,-1,-1,,-1,-1,-1,-1,-1,-1,-1,-1,,-1,-1,,-1,-1,-1,-1,-1,-1,-1,-1,,-1,-1,,-1,-1,-1,-1,-1,-1,-1,-1,,-1,-1,,-1,-1,-1,-1,-1,-1,-1,-1,,-1,-1,
14,-1,-1,-1,-1,-1,-1,-1,-1,,-1,-1,,0.755148,-0.352172,0.852699,-0.332667,-1,-1,-1,-1,,-1,-1,,-1,-1,-1,-1,-1,-1,-1,-1,,-1,-1,,-1,-1,-1,-1,-1,-1,-1,-1,,-1,-1,,-1,-1,-1,-1,-1,-1,-1,-1,,-1,-1,,-1,-1,-1,-1,-1,-1,-1,-1,,-1,-1,,-1,-1,-1,-1,-1,-1,-1,-1,,-1,-1,
15,-1,-1,-1,-1,-1,-1,-1,-1,,-1,-1,,0.755148,-0.352172,0.852699,-0.332667,-1,-1,-1,-1,,-1,-1,,-1,-1,-1,-1,-1,-1,-1,-1,,-1,-1,,-1,-1,-1,-1,-1,-1,-1,-1,,-1,-1,,-1,-1,-1,-1,-1,-1,-1,-1,,-1,-1,,-1,-1,-1,-1,-1,-1,-1,-1,,-1,-1,,-1,-1,-1,-1,-1,-1,-1,-1,,-1,-1,
16,-1,-1,-1,-1,-1,-1,-1,-1,,-1,-1,,0.755148,-0.352172,0.852699,-0.332667,-1,-1,-1,-1,,-1,-1,,-1,-1,-1,-1,-1,-1,-1,-1,,-1,-1,,-1,-1,-1,-1,-1,-1,-1,-1,,-1,-1,,-1,-1,-1,-1,-1,-1,-1,-1,,-1,-1,,-1,-1,-1,-1,-1,-1,-1,-1,,-1,-1,,-1,-1,-1,-1,-1,-1,-1,-1,,-1,-1,
17,-1,-1,-1,-1,-1,-1,-1,-1,,-1,-1,,0.755148,-0.352172,0.852699,-0.332667,-1,-1,-1,-1,,-1,-1,,-1,-1,-1,-1,-1,-1,-1,-1,,-1,-1,,-1,-1,-1,-1,-1,-1,-1,-1,,-1,-1,,-1,-1,-1,-1,-1,-1,-1,-1,,-1,-1,,-1,-1,-1,-1,-1,-1,-1,-1,,-1,-1,,-1,-1,-1,-1,-1,-1,-1,-1,,-1,-1,
18,-1,-1,-1,-1,-1,-1,-1,-1,,-1,-1,,0.755148,-0.352172,0.91024,-0.289644,-1,-1,-1,-1,,-1,-1,,-1,-1,-1,-1,-1,-1,-1,-1,,-1,-1,,-1,-1,-1,-1,-1,-1,-1,-1,,-1,-1,,-1,-1,-1,-1,-1,-1,-1,-1,,-1,-1,,-1,-1,-1,-1,-1,-1,-1,-1,,-1,-1,,-1,-1,-1,-1,-1,-1,-1,-1,,-1,-1,
19,-1,-1,-1,-1,-1,-1,-1,-1,,-1,-1,,0.755148,-0.352172,0.811557,-0.322885,-1,-1,-1,-1,,-1,-1,,-1,-1,-1,-1,-1,-1,-1,-1,,-1,-1,,-1,-1,-1,-1,-1,-1,-1,-1,,-1,-1,,-1,-1,-1,-1,-1,-1,-1,-1,,-1,-1,,-1,-1,-1,-1,-1,-1,-1,-1,,-1,-1,,-1,-1,-1,-1,-1,-1,-1,-1,,-1,-1,
20,-1,-1,-1,-1,-1,-1,-1,-1,,-1,-1,,0.755148,-0.352172,0.868095,-0.292077,-1,-1,-1,-1,,-1,-1,,-1,-1,-1,-1,-1,-1,-1,-1,,-1,-1,,-1,-1,-1,-1,-1,-1,-1,-1,,-1,-1,,-1,-1,-1,-1,-1,-1,-1,-1,,-1,-1,,-1,-1,-1,-1,-1,-1,-1,-1,,-1,-1,,-1,-1,-1,-1,-1,-1,-1,-1,,-1,-1,
21,-1,-1,-1,-1,-1,-1,-1,-1,,-1,-1,,0.755148,-0.352172,0.924753,-0.259864,-1,-1,-1,-1,,-1,-1,,-1,-1,-1,-1,-1,-1,-1,-1,,-1,-1,,-1,-1,-1,-1,-1,-1,-1,-1,,-1,-1,,-1,-1,-1,-1,-1,-1,-1,-1,,-1,-1,,-1,-1,-1,-1,-1,-1,-1,-1,,-1,-1,,-1,-1,-1,-1,-1,-1,-1,-1,,-1,-1,
22,-1,-1,-1,-1,-1,-1,-1,-1,,-1,-1,,0.755148,-0.352172,0.818472,-0.312344,-1,-1,-1,-1,,-1,-1,,-1,-1,-1,-1,-1,-1,-1,-1,,-1,-1,,-1,-1,-1,-1,-1,-1,-1,-1,,-1,-1,,-1,-1,-1,-1,-1,-1,-1,-1,,-1,-1,,-1,-1,-1,-1,-1,-1,-1,-1,,-1,-1,,-1,-1,-1,-1,-1,-1,-1,-1,,-1,-1,
23,-1,-1,-1,-1,-1,-1,-1,-1,,-1,-1,,0.755148,-0.352172,0.882002,-0.271329,-1,-1,-1,-1,,-1,-1,,-1,-1,-1,-1,-1,-1,-1,-1,,-1,-1,,-1,-1,-1,-1,-1,-1,-1,-1,,-1,-1,,-1,-1,-1,-1,-1,-1,-1,-1,,-1,-1,,-1,-1,-1,-1,-1,-1,-1,-1,,-1,-1,,-1,-1,-1,-1,-1,-1,-1,-1,,-1,-1,
24,-1,-1,-1,-1,-1,-1,-1,-1,,-1,-1,,0.755148,-0.352172,0.945715,-0.22926,-1,-1,-1,-1,,-1,-1,,-1,-1,-1,-1,-1,-1,-1,-1,,-1,-1,,-1,-1,-1,-1,-1,-1,-1,-1,,-1,-1,,-1,-1,-1,-1,-1,-1,-1,-1,,-1,-1,,-1,-1,-1,-1,-1,-1,-1,-1,,-1,-1,,-1,-1,-1,-1,-1,-1,-1,-1,,-1,-1,
25,-1,-1,-1,-1,-1,-1,-1,-1,,-1,-1,,0.755148,-0.352172,0.828145,-0.300925,-1,-1,-1,-1,,-1,-1,,-1,-1,-1,-1,-1,-1,-1,-1,,-1,-1,,-1,-1,-1,-1,-1,-1,-1,-1,,-1,-1,,-1,-1,-1,-1,-1,-1,-1,-1,,-1,-1,,-1,-1,-1,-1,-1,-1,-1,-1,,-1,-1,,-1,-1,-1,-1,-1,-1,-1,-1,,-1,-1,
26,-1,-1,-1,-1,-1,-1,-1,-1,,-1,-1,,0.755148,-0.352172,0.907851,-0.224651,-1,-1,-1,-1,,-1,-1,,-1,-1,-1,-1,-1,-1,-1,-1,,-1,-1,,-1,-1,-1,-1,-1,-1,-1,-1,,-1,-1,,-1,-1,-1,-1,-1,-1,-1,-1,,-1,-1,,-1,-1,-1,-1,-1,-1,-1,-1,,-1,-1,,-1,-1,-1,-1,-1,-1,-1,-1,,-1,-1,
27,-1,-1,-1,-1,-1,-1,-1,-1,,-1,-1,,0.755148,-0.352172,0.988384,-0.145303,-1,-1,-1,-1,,-1,-1,,-1,-1,-1,-1,-1,-1,-1,-1,,-1,-1,,-1,-1,-1,-1,-1,-1,-1,-1,,-1,-1,,-1,-1,-1,-1,-1,-1,-1,-1,,-1,-1,,-1,-1,-1,-1,-1,-1,-1,-1,,-1,-1,,-1,-1,-1,-1,-1,-1,-1,-1,,-1,-1,
28,-1,-1,-1,-1,-1,-1,-1,-1,,-1,-1,,0.755148,-0.352172,0.853451,-0.255957,-1,-1,-1,-1,,-1,-1,,-1,-1,-1,-1,-1,-1,-1,-1,,-1,-1,,-1,-1,-1,-1,-1,-1,-1,-1,,-1,-1,,-1,-1,-1,-1,-1,-1,-1,-1,,-1,-1,,-1,-1,-1,-1,-1,-1,-1,-1,,-1,-1,,-1,-1,-1,-1,-1,-1,-1,-1,,-1,-1,
29,-1,-1,-1,-1,-1,-1,-1,-1,,-1,-1,,0.755148,-0.352172,0.951749,-0.159746,-1,-1,-1,-1,,-1,-1,,-1,-1,-1,-1,-1,-1,-1,-1,,-1,-1,,-1,-1,-1,-1,-1,-1,-1,-1,,-1,-1,,-1,-1,-1,-1,-1,-1,-1,-1,,-1,-1,,-1,-1,-1,-1,-1,-1,-1,-1,,-1,-1,,-1,-1,-1,-1,-1,-1,-1,-1,,-1,-1,
30,-1,-1,-1,-1,-1,-1,-1,-1,,-1,-1,,0.755148,-0.352172,1.05005,-0.0635327,-1,-1,-1,-1,,-1,-1,,-1,-1,-1,-1,-1,-1,-1,-1,,-1,-1,,-1,-1,-1,-1,-1,-1,-1,-1,,-1,-1,,-1,-1,-1,-1,-1,-1,-1,-1,,-1,-1,,-1,-1,-1,-1,-1,-1,-1,-1,,-1,-1,,-1,-1,-1,-1,-1,-1,-1,-1,,-1,-1,
31,-1,-1,-1,-1,-1,-1,-1,-1,,-1,-1,,0.755148,-0.352172,0.882533,-0.226656,-1,-1,-1,-1,,-1,-1,,-1,-1,-1,-1,-1,-1,-1,-1,,-1,-1,,-1,-1,-1,-1,-1,-1,-1,-1,,-1,-1,,-1,-1,-1,-1,-1,-1,-1,-1,,-1,-1,,-1,-1,-1,-1,-1,-1,-1,-1,,-1,-1,,-1,-1,-1,-1,-1,-1,-1,-1,,-1,-1,
32,-1,-1,-1,-1,-1,-1,-1,-1,,-1,-1,,0.755148,-0.352172,1.00992,-0.101136,-1,-1,-1,-1,,-1,-1,,-1,-1,-1,-1,-1,-1,-1,-1,,-1,-1,,-1,-1,-1,-1,-1,-1,-1,-1,,-1,-1,,-1,-1,-1,-1,-1,-1,-1,-1,,-1,-1,,-1,-1,-1,-1,-1,-1,-1,-1,,-1,-1,,-1,-1,-1,-1,-1,-1,-1,-1,,-1,-1,
33,-1,-1,-1,-1,-1,-1,-1,-1,,-1,-1,,0.755148,-0.352172,1.13731,0.0243821,-1,-1,-1,-1,,-1,-1,,-1,-1,-1,-1,-1,-1,-1,-1,,-1,-1,,-1,-1,-1,-1,-1,-1,-1,-1,,-1,-1,,-1,-1,-1,-1,-1,-1,-1,-1,,-1,-1,,-1,-1,-1,-1,-1,-1,-1,-1,,-1,-1,,-1,-1,-1,-1,-1,-1,-1,-1,,-1,-1,
34,-1,-1,-1,-1,-1,-1,-1,-1,,-1,-1,,0.755148,-0.352172,0.91279,-0.184313,-1,-1,-1,-1,,-1,-1,,-1,-1,-1,-1,-1,-1,-1,-1,,-1,-1,,-1,-1,-1,-1,-1,-1,-1,-1,,-1,-1,,-1,-1,-1,-1,-1,-1,-1,-1,,-1,-1,,-1,-1,-1,-1,-1,-1,-1,-1,,-1,-1,,-1,-1,-1,-1,-1,-1,-1,-1,,-1,-1,
35,-1,-1,-1,-1,-1,-1,-1,-1,,-1,-1,,0.755148,-0.352172,1.07083,-0.0162512,-1,-1,-1,-1,,-1,-1,,-1,-1,-1,-1,-1,-1,-1,-1,,-1,-1,,-1,-1,-1,-1,-1,-1,-1,-1,,-1,-1,,-1,-1,-1,-1,-1,-1,-1,-1,,-1,-1,,-1,-1,-1,-1,-1,-1,-1,-1,,-1,-1,,-1,-1,-1,-1,-1,-1,-1,-1,,-1,-1,
36,-1,-1,-1,-1,-1,-1,-1,-1,,-1,-1,,0.755148,-0.352172,1.23261,0.153694,-1,-1,-1,-1,,-1,-1,,-1,-1,-1,-1,-1,-1,-1,-1,,-1,-1,,-1,-1,-1,-1,-1,-1,-1,-1,,-1,-1,,-1,-1,-1,-1,-1,-1,-1,-1,,-1,-1,,-1,-1,-1,-1,-1,-1,-1,-1,,-1,-1,,-1,-1,-1,-1,-1,-1,-1,-1,,-1,-1,
37,-1,-1,-1,-1,-1,-1,-1,-1,,-1,-1,,0.755148,-0.352172,1.03526,-0.0618337,-1,-1,-1,-1,,-1,-1,,-1,-1,-1,-1,-1,-1,-1,-1,,-1,-1,,-1,-1,-1,-1,-1,-1,-1,-1,,-1,-1,,-1,-1,-1,-1,-1,-1,-1,-1,,-1,-1,,-1,-1,-1,-1,-1,-1,-1,-1,,-1,-1,,-1,-1,-1,-1,-1,-1,-1,-1,,-1,-1,
38,-1,-1,-1,-1,-1,-1,-1,-1,,-1,-1,,0.755148,-0.352172,1.32065,0.232173,-1,-1,-1,-1,,-1,-1,,-1,-1,-1,-1,-1,-1,-1,-1,,-1,-1,,-1,-1,-1,-1,-1,-1,-1,-1,,-1,-1,,-1,-1,-1,-1,-1,-1,-1,-1,,-1,-1,,-1,-1,-1,-1,-1,-1,-1,-1,,-1,-1,,-1,-1,-1,-1,-1,-1,-1,-1,,-1,-1,
39,-1,-1,-1,-1,-1,-1,-1,-1,,-1,-1,,0.755148,-0.352172,1.5558,0.478254,-1,-1,-1,-1,,-1,-1,,-1,-1,-1,-1,-1,-1,-1,-1,,-1,-1,,-1,-1,-1,-1,-1,-1,-1,-1,,-1,-1,,-1,-1,-1,-1,-1,-1,-1,-1,,-1,-1,,-1,-1,-1,-1,-1,-1,-1,-1,,-1,-1,,-1,-1,-1,-1,-1,-1,-1,-1,,-1,-1,
40,-1,-1,-1,-1,-1,-1,-1,-1,,-1,-1,,0.755148,-0.352172,1.47042,0.384603,-1,-1,-1,-1,,-1,-1,,-1,-1,-1,-1,-1,-1,-1,-1,,-1,-1,,-1,-1,-1,-1,-1,-1,-1,-1,,-1,-1,,-1,-1,-1,-1,-1,-1,-1,-1,,-1,-1,,-1,-1,-1,-1,-1,-1,-1,-1,,-1,-1,,-1,-1,-1,-1,-1,-1,-1,-1,,-1,-1,
41,-1,-1,-1,-1,-1,-1,-1,-1,,-1,-1,,0.755148,-0.352172,2.42514,1.35809,-1,-1,-1,-1,,-1,-1,,-1,-1,-1,-1,-1,-1,-1,-1,,-1,-1,,-1,-1,-1,-1,-1,-1,-1,-1,,-1,-1,,-1,-1,-1,-1,-1,-1,-1,-1,,-1,-1,,-1,-1,-1,-1,-1,-1,-1,-1,,-1,-1,,-1,-1,-1,-1,-1,-1,-1,-1,,-1,-1,
42,-1,-1,-1,-1,-1,-1,-1,-1,,-1,-1,,0.755148,-0.352172,3.42169,2.3722,-1,-1,-1,-1,,-1,-1,,-1,-1,-1,-1,-1,-1,-1,-1,,-1,-1,,-1,-1,-1,-1,-1,-1,-1,-1,,-1,-1,,-1,-1,-1,-1,-1,-1,-1,-1,,-1,-1,,-1,-1,-1,-1,-1,-1,-1,-1,,-1,-1,,-1,-1,-1,-1,-1,-1,-1,-1,,-1,-1,
43,-1,-1,-1,-1,-1,-1,-1,-1,,-1,-1,,0.755148,-0.352172,-0.134098,-1.26075,-1,-1,-1,-1,,-1,-1,,-1,-1,-1,-1,-1,-1,-1,-1,,-1,-1,,-1,-1,-1,-1,-1,-1,-1,-1,,-1,-1,,-1,-1,-1,-1,-1,-1,-1,-1,,-1,-1,,-1,-1,-1,-1,-1,-1,-1,-1,,-1,-1,,-1,-1,-1,-1,-1,-1,-1,-1,,-1,-1,
44,-1,-1,-1,-1,-1,-1,-1,-1,,-1,-1,,0.755148,-0.352172,-1.02954,-2.17654,-1,-1,-1,-1,,-1,-1,,-1,-1,-1,-1,-1,-1,-1,-1,,-1,-1,,-1,-1,-1,-1,-1,-1,-1,-1,,-1,-1,,-1,-1,-1,-1,-1,-1,-1,-1,,-1,-1,,-1,-1,-1,-1,-1,-1,-1,-1,,-1,-1,,-1,-1,-1,-1,-1,-1,-1,-1,,-1,-1,
45,-1,-1,-1,-1,-1,-1,-1,-1,,-1,-1,,0.755148,-0.352172,-1.93016,-3.09833,-1,-1,-1,-1,,-1,-1,,-1,-1,-1,-1,-1,-1,-1,-1,,-1,-1,,-1,-1,-1,-1,-1,-1,-1,-1,,-1,-1,,-1,-1,-1,-1,-1,-1,-1,-1,,-1,-1,,-1,-1,-1,-1,-1,-1,-1,-1,,-1,-1,,-1,-1,-1,-1,-1,-1,-1,-1,,-1,-1,
46,-1,-1,-1,-1,-1,-1,-1,-1,,-1,-1,,0.755148,-0.352172,0.748983,-0.335724,-1,-1,-1,-1,,-1,-1,,-1,-1,-1,-1,-1,-1,-1,-1,,-1,-1,,-1,-1,-1,-1,-1,-1,-1,-1,,-1,-1,,-1,-1,-1,-1,-1,-1,-1,-1,,-1,-1,,-1,-1,-1,-1,-1,-1,-1,-1,,-1,-1,,-1,-1,-1,-1,-1,-1,-1,-1,,-1,-1,
47,-1,-1,-1,-1,-1,-1,-1,-1,,-1,-1,,0.755148,-0.352172,0.743013,-0.319424,-1,-1,-1,-1,,-1,-1,,-1,-1,-1,-1,-1,-1,-1,-1,,-1,-1,,-1,-1,-1,-1,-1,-1,-1,-1,,-1,-1,,-1,-1,-1,-1,-1,-1,-1,-1,,-1,-1,,-1,-1,-1,-1,-1,-1,-1,-1,,-1,-1,,-1,-1,-1,-1,-1,-1,-1,-1,,-1,-1,
48,-1,-1,-1,-1,-1,-1,-1,-1,,-1,-1,,0.755148,-0.352172,0.737173,-0.303223,-1,-1,-1,-1,,-1,-1,,-1,-1,-1,-1,-1,-1,-1,-1,,-1,-1,,-1,-1,-1,-1,-1,-1,-1,-1,,-1,-1,,-1,-1,-1,-1,-1,-1,-1,-1,,-1,-1,,-1,-1,-1,-1,-1,-1,-1,-1,,-1,-1,,-1,-1,-1,-1,-1,-1,-1,-1,,-1,-1,
49,-1,-1,-1,-1,-1,-1,-1,-1,,-1,-1,,0.755148,-0.352172,0.749276,-0.335843,-1,-1,-1,-1,,-1,-1,,-1,-1,-1,-1,-1,-1,-1,-1,,-1,-1,,-1,-1,-1,-1,-1,-1,-1,-1,,-1,-1,,-1,-1,-1,-1,-1,-1,-1,-1,,-1,-1,,-1,-1,-1,-1,-1,-1,-1,-1,,-1,-1,,-1,-1,-1,-1,-1,-1,-1,-1,,-1,-1,
50,-1,-1,-1,-1,-1,-1,-1,-1,,-1,-1,,0.755148,-0.352172,0.743406,-0.319515,-1,-1,-1,-1,,-1,-1,,-1,-1,-1,-1,-1,-1,-1,-1,,-1,-1,,-1,-1,-1,-1,-1,-1,-1,-1,,-1,-1,,-1,-1,-1,-1,-1,-1,-1,-1,,-1,-1,,-1,-1,-1,-1,-1,-1,-1,-1,,-1,-1,,-1,-1,-1,-1,-1,-1,-1,-1,,-1,-1,
51,-1,-1,-1,-1,-1,-1,-1,-1,,-1,-1,,0.755148,-0.352172,0.73747,-0.303136,-1,-1,-1,-1,,-1,-1,,-1,-1,-1,-1,-1,-1,-1,-1,,-1,-1,,-1,-1,-1,-1,-1,-1,-1,-1,,-1,-1,,-1,-1,-1,-1,-1,-1,-1,-1,,-1,-1,,-1,-1,-1,-1,-1,-1,-1,-1,,-1,-1,,-1,-1,-1,-1,-1,-1,-1,-1,,-1,-1,
52,-1,-1,-1,-1,-1,-1,-1,-1,,-1,-1,,0.755148,-0.352172,0.758486,-0.342893,-1,-1,-1,-1,,-1,-1,,-1,-1,-1,-1,-1,-1,-1,-1,,-1,-1,,-1,-1,-1,-1,-1,-1,-1,-1,,-1,-1,,-1,-1,-1,-1,-1,-1,-1,-1,,-1,-1,,-1,-1,-1,-1,-1,-1,-1,-1,,-1,-1,,-1,-1,-1,-1,-1,-1,-1,-1,,-1,-1,
53,-1,-1,-1,-1,-1,-1,-1,-1,,-1,-1,,0.755148,-0.352172,0.762904,-0.334454,-1,-1,-1,-1,,-1,-1,,-1,-1,-1,-1,-1,-1,-1,-1,,-1,-1,,-1,-1,-1,-1,-1,-1,-1,-1,,-1,-1,,-1,-1,-1,-1,-1,-1,-1,-1,,-1,-1,,-1,-1,-1,-1,-1,-1,-1,-1,,-1,-1,,-1,-1,-1,-1,-1,-1,-1,-1,,-1,-1,
54,-1,-1,-1,-1,-1,-1,-1,-1,,-1,-1,,0.755148,-0.352172,0.767318,-0.326012,-1,-1,-1,-1,,-1,-1,,-1,-1,-1,-1,-1,-1,-1,-1,,-1,-1,,-1,-1,-1,-1,-1,-1,-1,-1,,-1,-1,,-1,-1,-1,-1,-1,-1,-1,-1,,-1,-1,,-1,-1,-1,-1,-1,-1,-1,-1,,-1,-1,,-1,-1,-1,-1,-1,-1,-1,-1,,-1,-1,
55,-1,-1,-1,-1,-1,-1,-1,-1,,-1,-1,,0.755148,-0.352172,0.759543,-0.343701,-1,-1,-1,-1,,-1,-1,,-1,-1,-1,-1,-1,-1,-1,-1,,-1,-1,,-1,-1,-1,-1,-1,-1,-1,-1,,-1,-1,,-1,-1,-1,-1,-1,-1,-1,-1,,-1,-1,,-1,-1,-1,-1,-1,-1,-1,-1,,-1,-1,,-1,-1,-1,-1,-1,-1,-1,-1,,-1,-1,
56,-1,-1,-1,-1,-1,-1,-1,-1,,-1,-1,,0.755148,-0.352172,0.763938,-0.335228,-1,-1,-1,-1,,-1,-1,,-1,-1,-1,-1,-1,-1,-1,-1,,-1,-1,,-1,-1,-1,-1,-1,-1,-1,-1,,-1,-1,,-1,-1,-1,-1,-1,-1,-1,-1,,-1,-1,,-1,-1,-1,-1,-1,-1,-1,-1,,-1,-1,,-1,-1,-1,-1,-1,-1,-1,-1,,-1,-1,
57,-1,-1,-1,-1,-1,-1,-1,-1,,-1,-1,,0.755148,-0.352172,0.768332,-0.326756,-1,-1,-1,-1,,-1,-1,,-1,-1,-1,-1,-1,-1,-1,-1,,-1,-1,,-1,-1,-1,-1,-1,-1,-1,-1,,-1,-1,,-1,-1,-1,-1,-1,-1,-1,-1,,-1,-1,,-1,-1,-1,-1,-1,-1,-1,-1,,-1,-1,,-1,-1,-1,-1,-1,-1,-1,-1,,-1,-1,
58,-1,-1,-1,-1,-1,-1,-1,-1,,-1,-1,,0.755148,-0.352172,0.772727,-0.318285,-1,-1,-1,-1,,-1,-1,,-1,-1,-1,-1,-1,-1,-1,-1,,-1,-1,,-1,-1,-1,-1,-1,-1,-1,-1,,-1,-1,,-1,-1,-1,-1,-1,-1,-1,-1,,-1,-1,,-1,-1,-1,-1,-1,-1,-1,-1,,-1,-1,,-1,-1,-1,-1,-1,-1,-1,-1,,-1,-1,
59,-1,-1,-1,-1,-1,-1,-1,-1,,-1,-1,,0.755148,-0.352172,0.777122,-0.309813,-1,-1,-1,-1,,-1,-1,,-1,-1,-1,-1,-1,-1,-1,-1,,-1,-1,,-1,-1,-1,-1,-1,-1,-1,-1,,-1,-1,,-1,-1,-1,-1,-1,-1,-1,-1,,-1,-1,,-1,-1,-1,-1,-1,-1,-1,-1,,-1,-1,,-1,-1,-1,-1,-1,-1,-1,-1,,-1,-1,
60,-1,-1,-1,-1,-1,-1,-1,-1,,-1,-1,,0.755148,-0.352172,0.781516,-0.301341,-1,-1,-1,-1,,-1,-1,,-1,-1,-1,-1,-1,-1,-1,-1,,-1,-1,,-1,-1,-1,-1,-1,-1,-1,-1,,-1,-1,,-1,-1,-1,-1,-1,-1,-1,-1,,-1,-1,,-1,-1,-1,-1,-1,-1,-1,-1,,-1,-1,,-1,-1,-1,-1,-1,-1,-1,-1,,-1,-1,
61,-1,-1,-1,-1,-1,-1,-1,-1,,-1,-1,,0.755148,-0.352172,0.785911,-0.292869,-1,-1,-1,-1,,-1,-1,,-1,-1,-1,-1,-1,-1,-1,-1,,-1,-1,,-1,-1,-1,-1,-1,-1,-1,-1,,-1,-1,,-1,-1,-1,-1,-1,-1,-1,-1,,-1,-1,,-1,-1,-1,-1,-1,-1,-1,-1,,-1,-1,,-1,-1,-1,-1,-1,-1,-1,-1,,-1,-1,
62,-1,-1,-1,-1,-1,-1,-1,-1,,-1,-1,,0.755148,-0.352172,0.790305,-0.284397,-1,-1,-1,-1,,-1,-1,,-1,-1,-1,-1,-1,-1,-1,-1,,-1,-1,,-1,-1,-1,-1,-1,-1,-1,-1,,-1,-1,,-1,-1,-1,-1,-1,-1,-1,-1,,-1,-1,,-1,-1,-1,-1,-1,-1,-1,-1,,-1,-1,,-1,-1,-1,-1,-1,-1,-1,-1,,-1,-1,
63,-1,-1,-1,-1,-1,-1,-1,-1,,-1,-1,,0.755148,-0.352172,0.7947,-0.275926,-1,-1,-1,-1,,-1,-1,,-1,-1,-1,-1,-1,-1,-1,-1,,-1,-1,,-1,-1,-1,-1,-1,-1,-1,-1,,-1,-1,,-1,-1,-1,-1,-1,-1,-1,-1,,-1,-1,,-1,-1,-1,-1,-1,-1,-1,-1,,-1,-1,,-1,-1,-1,-1,-1,-1,-1,-1,,-1,-1,
64,-1,-1,-1,-1,-1,-1,-1,-1,,-1,-1,,0.755148,-0.352172,0.616171,-0.123703,-1,-1,-1,-1,,-1,-1,,-1,-1,-1,-1,-1,-1,-1,-1,,-1,-1,,-1,-1,-1,-1,-1,-1,-1,-1,,-1,-1,,-1,-1,-1,-1,-1,-1,-1,-1,,-1,-1,,-1,-1,-1,-1,-1,-1,-1,-1,,-1,-1,,-1,-1,-1,-1,-1,-1,-1,-1,,-1,-1,
65,-1,-1,-1,-1,-1,-1,-1,-1,,-1,-1,,0.755148,-0.352172,0.621526,-0.115985,-1,-1,-1,-1,,-1,-1,,-1,-1,-1,-1,-1,-1,-1,-1,,-1,-1,,-1,-1,-1,-1,-1,-1,-1,-1,,-1,-1,,-1,-1,-1,-1,-1,-1,-1,-1,,-1,-1,,-1,-1,-1,-1,-1,-1,-1,-1,,-1,-1,,-1,-1,-1,-1,-1,-1,-1,-1,,-1,-1,
66,-1,-1,-1,-1,-1,-1,-1,-1,,-1,-1,,0.755148,-0.352172,0.586454,-0.0764987,-1,-1,-1,-1,,-1,-1,,-1,-1,-1,-1,-1,-1,-1,-1,,-1,-1,,-1,-1,-1,-1,-1,-1,-1,-1,,-1,-1,,-1,-1,-1,-1,-1,-1,-1,-1,,-1,-1,,-1,-1,-1,-1,-1,-1,-1,-1,,-1,-1,,-1,-1,-1,-1,-1,-1,-1,-1,,-1,-1,
67,-1,-1,-1,-1,-1,-1,-1,-1,,-1,-1,,0.755148,-0.352172,0.59203,-0.0689552,-1,-1,-1,-1,,-1,-1,,-1,-1,-1,-1,-1,-1,-1,-1,,-1,-1,,-1,-1,-1,-1,-1,-1,-1,-1,,-1,-1,,-1,-1,-1,-1,-1,-1,-1,-1,,-1,-1,,-1,-1,-1,-1,-1,-1,-1,-1,,-1,-1,,-1,-1,-1,-1,-1,-1,-1,-1,,-1,-1,
68,-1,-1,-1,-1,-1,-1,-1,-1,,-1,-1,,0.755148,-0.352172,0.557547,-0.0299315,-1,-1,-1,-1,,-1,-1,,-1,-1,-1,-1,-1,-1,-1,-1,,-1,-1,,-1,-1,-1,-1,-1,-1,-1,-1,,-1,-1,,-1,-1,-1,-1,-1,-1,-1,-1,,-1,-1,,-1,-1,-1,-1,-1,-1,-1,-1,,-1,-1,,-1,-1,-1,-1,-1,-1,-1,-1,,-1,-1,
69,-1,-1,-1,-1,-1,-1,-1,-1,,-1,-1,,0.755148,-0.352172,0.563345,-0.022563,-1,-1,-1,-1,,-1,-1,,-1,-1,-1,-1,-1,-1,-1,-1,,-1,-1,,-1,-1,-1,-1,-1,-1,-1,-1,,-1,-1,,-1,-1,-1,-1,-1,-1,-1,-1,,-1,-1,,-1,-1,-1,-1,-1,-1,-1,-1,,-1,-1,,-1,-1,-1,-1,-1,-1,-1,-1,,-1,-1,
70,-1,-1,-1,-1,-1,-1,-1,-1,,-1,-1,,0.755148,-0.352172,0.529463,0.0159891,-1,-1,-1,-1,,-1,-1,,-1,-1,-1,-1,-1,-1,-1,-1,,-1,-1,,-1,-1,-1,-1,-1,-1,-1,-1,,-1,-1,,-1,-1,-1,-1,-1,-1,-1,-1,,-1,-1,,-1,-1,-1,-1,-1,-1,-1,-1,,-1,-1,,-1,-1,-1,-1,-1,-1,-1,-1,,-1,-1,
71,-1,-1,-1,-1,-1,-1,-1,-1,,-1,-1,,0.755148,-0.352172,0.535487,0.0231808,-1,-1,-1,-1,,-1,-1,,-1,-1,-1,-1,-1,-1,-1,-1,,-1,-1,,-1,-1,-1,-1,-1,-1,-1,-1,,-1,-1,,-1,-1,-1,-1,-1,-1,-1,-1,,-1,-1,,-1,-1,-1,-1,-1,-1,-1,-1,,-1,-1,,-1,-1,-1,-1,-1,-1,-1,-1,,-1,-1,
72,-1,-1,-1,-1,-1,-1,-1,-1,,-1,-1,,0.755148,-0.352172,0.502217,0.0612515,-1,-1,-1,-1,,-1,-1,,-1,-1,-1,-1,-1,-1,-1,-1,,-1,-1,,-1,-1,-1,-1,-1,-1,-1,-1,,-1,-1,,-1,-1,-1,-1,-1,-1,-1,-1,,-1,-1,,-1,-1,-1,-1,-1,-1,-1,-1,,-1,-1,,-1,-1,-1,-1,-1,-1,-1,-1,,-1,-1,
73,-1,-1,-1,-1,-1,-1,-1,-1,,-1,-1,,0.755148,-0.352172,0.508468,0.0682635,-1,-1,-1,-1,,-1,-1,,-1,-1,-1,-1,-1,-1,-1,-1,,-1,-1,,-1,-1,-1,-1,-1,-1,-1,-1,,-1,-1,,-1,-1,-1,-1,-1,-1,-1,-1,,-1,-1,,-1,-1,-1,-1,-1,-1,-1,-1,,-1,-1,,-1,-1,-1,-1,-1,-1,-1,-1,,-1,-1,
74,-1,-1,-1,-1,-1,-1,-1,-1,,-1,-1,,0.755148,-0.352172,0.475822,0.105844,-1,-1,-1,-1,,-1,-1,,-1,-1,-1,-1,-1,-1,-1,-1,,-1,-1,,-1,-1,-1,-1,-1,-1,-1,-1,,-1,-1,,-1,-1,-1,-1,-1,-1,-1,-1,,-1,-1,,-1,-1,-1,-1,-1,-1,-1,-1,,-1,-1,,-1,-1,-1,-1,-1,-1,-1,-1,,-1,-1,
75,-1,-1,-1,-1,-1,-1,-1,-1,,-1,-1,,0.755148,-0.352172,0.482304,0.112677,-1,-1,-1,-1,,-1,-1,,-1,-1,-1,-1,-1,-1,-1,-1,,-1,-1,,-1,-1,-1,-1,-1,-1,-1,-1,,-1,-1,,-1,-1,-1,-1,-1,-1,-1,-1,,-1,-1,,-1,-1,-1,-1,-1,-1,-1,-1,,-1,-1,,-1,-1,-1,-1,-1,-1,-1,-1,,-1,-1,
76,-1,-1,-1,-1,-1,-1,-1,-1,,-1,-1,,0.755148,-0.352172,0.450295,0.149756,-1,-1,-1,-1,,-1,-1,,-1,-1,-1,-1,-1,-1,-1,-1,,-1,-1,,-1,-1,-1,-1,-1,-1,-1,-1,,-1,-1,,-1,-1,-1,-1,-1,-1,-1,-1,,-1,-1,,-1,-1,-1,-1,-1,-1,-1,-1,,-1,-1,,-1,-1,-1,-1,-1,-1,-1,-1,,-1,-1,
77,-1,-1,-1,-1,-1,-1,-1,-1,,-1,-1,,0.755148,-0.352172,0.457011,0.156404,-1,-1,-1,-1,,-1,-1,,-1,-1,-1,-1,-1,-1,-1,-1,,-1,-1,,-1,-1,-1,-1,-1,-1,-1,-1,,-1,-1,,-1,-1,-1,-1,-1,-1,-1,-1,,-1,-1,,-1,-1,-1,-1,-1,-1,-1,-1,,-1,-1,,-1,-1,-1,-1,-1,-1,-1,-1,,-1,-1,
78,-1,-1,-1,-1,-1,-1,-1,-1,,-1,-1,,0.755148,-0.352172,0.425651,0.192973,-1,-1,-1,-1,,-1,-1,,-1,-1,-1,-1,-1,-1,-1,-1,,-1,-1,,-1,-1,-1,-1,-1,-1,-1,-1,,-1,-1,,-1,-1,-1,-1,-1,-1,-1,-1,,-1,-1,,-1,-1,-1,-1,-1,-1,-1,-1,,-1,-1,,-1,-1,-1,-1,-1,-1,-1,-1,,-1,-1,
79,-1,-1,-1,-1,-1,-1,-1,-1,,-1,-1,,0.755148,-0.352172,0.432602,0.199436,-1,-1,-1,-1,,-1,-1,,-1,-1,-1,-1,-1,-1,-1,-1,,-1,-1,,-1,-1,-1,-1,-1,-1,-1,-1,,-1,-1,,-1,-1,-1,-1,-1,-1,-1,-1,,-1,-1,,-1,-1,-1,-1,-1,-1,-1,-1,,-1,-1,,-1,-1,-1,-1,-1,-1,-1,-1,,-1,-1,
80,-1,-1,-1,-1,-1,-1,-1,-1,,-1,-1,,0.755148,-0.352172,0.401905,0.235484,-1,-1,-1,-1,,-1,-1,,-1,-1,-1,-1,-1,-1,-1,-1,,-1,-1,,-1,-1,-1,-1,-1,-1,-1,-1,,-1,-1,,-1,-1,-1,-1,-1,-1,-1,-1,,-1,-1,,-1,-1,-1,-1,-1,-1,-1,-1,,-1,-1,,-1,-1,-1,-1,-1,-1,-1,-1,,-1,-1,
81,-1,-1,-1,-1,-1,-1,-1,-1,,-1,-1,,0.755148,-0.352172,0.409096,0.241759,-1,-1,-1,-1,,-1,-1,,-1,-1,-1,-1,-1,-1,-1,-1,,-1,-1,,-1,-1,-1,-1,-1,-1,-1,-1,,-1,-1,,-1,-1,-1,-1,-1,-1,-1,-1,,-1,-1,,-1,-1,-1,-1,-1,-1,-1,-1,,-1,-1,,-1,-1,-1,-1,-1,-1,-1,-1,,-1,-1,
82,-1,-1,-1,-1,-1,-1,-1,-1,,-1,-1,,0.755148,-0.352172,0.379074,0.277278,-1,-1,-1,-1,,-1,-1,,-1,-1,-1,-1,-1,-1,-1,-1,,-1,-1,,-1,-1,-1,-1,-1,-1,-1,-1,,-1,-1,,-1,-1,-1,-1,-1,-1,-1,-1,,-1,-1,,-1,-1,-1,-1,-1,-1,-1,-1,,-1,-1,,-1,-1,-1,-1,-1,-1,-1,-1,,-1,-1,
83,-1,-1,-1,-1,-1,-1,-1,-1,,-1,-1,,0.755148,-0.352172,0.386506,0.283362,-1,-1,-1,-1,,-1,-1,,-1,-1,-1,-1,-1,-1,-1,-1,,-1,-1,,-1,-1,-1,-1,-1,-1,-1,-1,,-1,-1,,-1,-1,-1,-1,-1,-1,-1,-1,,-1,-1,,-1,-1,-1,-1,-1,-1,-1,-1,,-1,-1,,-1,-1,-1,-1,-1,-1,-1,-1,,-1,-1,
84,-1,-1,-1,-1,-1,-1,-1,-1,,-1,-1,,0.755148,-0.352172,0.759389,-0.34342,-1,-1,-1,-1,,-1,-1,,-1,-1,-1,-1,-1,-1,-1,-1,,-1,-1,,-1,-1,-1,-1,-1,-1,-1,-1,,-1,-1,,-1,-1,-1,-1,-1,-1,-1,-1,,-1,-1,,-1,-1,-1,-1,-1,-1,-1,-1,,-1,-1,,-1,-1,-1,-1,-1,-1,-1,-1,,-1,-1,
85,-1,-1,-1,-1,-1,-1,-1,-1,,-1,-1,,0.755148,-0.352172,0.76363,-0.334669,-1,-1,-1,-1,,-1,-1,,-1,-1,-1,-1,-1,-1,-1,-1,,-1,-1,,-1,-1,-1,-1,-1,-1,-1,-1,,-1,-1,,-1,-1,-1,-1,-1,-1,-1,-1,,-1,-1,,-1,-1,-1,-1,-1,-1,-1,-1,,-1,-1,,-1,-1,-1,-1,-1,-1,-1,-1,,-1,-1,
86,-1,-1,-1,-1,-1,-1,-1,-1,,-1,-1,,0.755148,-0.352172,0.767871,-0.325916,-1,-1,-1,-1,,-1,-1,,-1,-1,-1,-1,-1,-1,-1,-1,,-1,-1,,-1,-1,-1,-1,-1,-1,-1,-1,,-1,-1,,-1,-1,-1,-1,-1,-1,-1,-1,,-1,-1,,-1,-1,-1,-1,-1,-1,-1,-1,,-1,-1,,-1,-1,-1,-1,-1,-1,-1,-1,,-1,-1,
87,-1,-1,-1,-1,-1,-1,-1,-1,,-1,-1,,0.755148,-0.352172,0.759371,-0.343387,-1,-1,-1,-1,,-1,-1,,-1,-1,-1,-1,-1,-1,-1,-1,,-1,-1,,-1,-1,-1,-1,-1,-1,-1,-1,,-1,-1,,-1,-1,-1,-1,-1,-1,-1,-1,,-1,-1,,-1,-1,-1,-1,-1,-1,-1,-1,,-1,-1,,-1,-1,-1,-1,-1,-1,-1,-1,,-1,-1,
88,-1,-1,-1,-1,-1,-1,-1,-1,,-1,-1,,0.755148,-0.352172,0.759371,-0.343387,-1,-1,-1,-1,,-1,-1,,-1,-1,-1,-1,-1,-1,-1,-1,,-1,-1,,-1,-1,-1,-1,-1,-1,-1,-1,,-1,-1,,-1,-1,-1,-1,-1,-1,-1,-1,,-1,-1,,-1,-1,-1,-1,-1,-1,-1,-1,,-1,-1,,-1,-1,-1,-1,-1,-1,-1,-1,,-1,-1,
89,-1,-1,-1,-1,-1,-1,-1,-1,,-1,-1,,0.755148,-0.352172,0.759371,-0.343387,-1,-1,-1,-1,,-1,-1,,-1,-1,-1,-1,-1,-1,-1,-1,,-1,-1,,-1,-1,-1,-1,-1,-1,-1,-1,,-1,-1,,-1,-1,-1,-1,-1,-1,-1,-1,,-1,-1,,-1,-1,-1,-1,-1,-1,-1,-1,,-1,-1,,-1,-1,-1,-1,-1,-1,-1,-1,,-1,-1,
90,-1,-1,-1,-1,-1,-1,-1,-1,,-1,-1,,0.755148,-0.352172,0.759371,-0.343387,-1,-1,-1,-1,,-1,-1,,-1,-1,-1,-1,-1,-1,-1,-1,,-1,-1,,-1,-1,-1,-1,-1,-1,-1,-1,,-1,-1,,-1,-1,-1,-1,-1,-1,-1,-1,,-1,-1,,-1,-1,-1,-1,-1,-1,-1,-1,,-1,-1,,-1,-1,-1,-1,-1,-1,-1,-1,,-1,-1,
91,-1,-1,-1,-1,-1,-1,-1,-1,,-1,-1,,0.755148,-0.352172,0.759371,-0.343387,-1,-1,-1,-1,,-1,-1,,-1,-1,-1,-1,-1,-1,-1,-1,,-1,-1,,-1,-1,-1,-1,-1,-1,-1,-1,,-1,-1,,-1,-1,-1,-1,-1,-1,-1,-1,,-1,-1,,-1,-1,-1,-1,-1,-1,-1,-1,,-1,-1,,-1,-1,-1,-1,-1,-1,-1,-1,,-1,-1,
92,-1,-1,-1,-1,-1,-1,-1,-1,,-1,-1,,0.755148,-0.352172,0.825464,-0.46651,-1,-1,-1,-1,,-1,-1,,-1,-1,-1,-1,-1,-1,-1,-1,,-1,-1,,-1,-1,-1,-1,-1,-1,-1,-1,,-1,-1,,-1,-1,-1,-1,-1,-1,-1,-1,,-1,-1,,-1,-1,-1,-1,-1,-1,-1,-1,,-1,-1,,-1,-1,-1,-1,-1,-1,-1,-1,,-1,-1,
93,-1,-1,-1,-1,-1,-1,-1,-1,,-1,-1,,0.755148,-0.352172,0.825464,-0.46651,-1,-1,-1,-1,,-1,-1,,-1,-1,-1,-1,-1,-1,-1,-1,,-1,-1,,-1,-1,-1,-1,-1,-1,-1,-1,,-1,-1,,-1,-1,-1,-1,-1,-1,-1,-1,,-1,-1,,-1,-1,-1,-1,-1,-1,-1,-1,,-1,-1,,-1,-1,-1,-1,-1,-1,-1,-1,,-1,-1,
94,-1,-1,-1,-1,-1,-1,-1,-1,,-1,-1,,0.755148,-0.352172,0.825464,-0.46651,-1,-1,-1,-1,,-1,-1,,-1,-1,-1,-1,-1,-1,-1,-1,,-1,-1,,-1,-1,-1,-1,-1,-1,-1,-1,,-1,-1,,-1,-1,-1,-1,-1,-1,-1,-1,,-1,-1,,-1,-1,-1,-1,-1,-1,-1,-1,,-1,-1,,-1,-1,-1,-1,-1,-1,-1,-1,,-1,-1,
95,-1,-1,-1,-1,-1,-1,-1,-1,,-1,-1,,0.755148,-0.352172,0.825464,-0.46651,-1,-1,-1,-1,,-1,-1,,-1,-1,-1,-1,-1,-1,-1,-1,,-1,-1,,-1,-1,-1,-1,-1,-1,-1,-1,,-1,-1,,-1,-1,-1,-1,-1,-1,-1,-1,,-1,-1,,-1,-1,-1,-1,-1,-1,-1,-1,,-1,-1,,-1,-1,-1,-1,-1,-1,-1,-1,,-1,-1,
96,-1,-1,-1,-1,-1,-1,-1,-1,,-1,-1,,0.755148,-0.352172,0.825464,-0.46651,-1,-1,-1,-1,,-1,-1,,-1,-1,-1,-1,-1,-1,-1,-1,,-1,-1,,-1,-1,-1,-1,-1,-1,-1,-1,,-1,-1,,-1,-1,-1,-1,-1,-1,-1,-1,,-1,-1,,-1,-1,-1,-1,-1,-1,-1,-1,,-1,-1,,-1,-1,-1,-1,-1,-1,-1,-1,,-1,-1,
97,-1,-1,-1,-1,-1,-1,-1,-1,,-1,-1,,0.755148,-0.352172,0.825464,-0.46651,-1,-1,-1,-1,,-1,-1,,-1,-1,-1,-1,-1,-1,-1,-1,,-1,-1,,-1,-1,-1,-1,-1,-1,-1,-1,,-1,-1,,-1,-1,-1,-1,-1,-1,-1,-1,,-1,-1,,-1,-1,-1,-1,-1,-1,-1,-1,,-1,-1,,-1,-1,-1,-1,-1,-1,-1,-1,,-1,-1,
98,-1,-1,-1,-1,-1,-1,-1,-1,,-1,-1,,0.755148,-0.352172,0.825464,-0.46651,-1,-1,-1,-1,,-1,-1,,-1,-1,-1,-1,-1,-1,-1,-1,,-1,-1,,-1,-1,-1,-1,-1,-1,-1,-1,,-1,-1,,-1,-1,-1,-1,-1,-1,-1,-1,,-1,-1,,-1,-1,-1,-1,-1,-1,-1,-1,,-1,-1,,-1,-1,-1,-1,-1,-1,-1,-1,,-1,-1,
99,-1,-1,-1,-1,-1,-1,-1,-1,,-1,-1,,0.755148,-0.352172,0.825464,-0.46651,-1,-1,-1,-1,,-1,-1,,-1,-1,-1,-1,-1,-1,-1,-1,,-1,-1,,-1,-1,-1,-1,-1,-1,-1,-1,,-1,-1,,-1,-1,-1,-1,-1,-1,-1,-1,,-1,-1,,-1,-1,-1,-1,-1,-1,-1,-1,,-1,-1,,-1,-1,-1,-1,-1,-1,-1,-1,,-1,-1,
100,-1,-1,-1,-1,-1,-1,-1,-1,,-1,-1,,0.755148,-0.352172,0.825464,-0.46651,-1,-1,-1,-1,,-1,-1,,-1,-1,-1,-1,-1,-1,-1,-1,,-1,-1,,-1,-1,-1,-1,-1,-1,-1,-1,,-1,-1,,-1,-1,-1,-1,-1,-1,-1,-1,,-1,-1,,-1,-1,-1,-1,-1,-1,-1,-1,,-1,-1,,-1,-1,-1,-1,-1,-1,-1,-1,,-1,-1,
101,-1,-1,-1,-1,-1,-1,-1,-1,,-1,-1,,0.755148,-0.352172,0.825464,-0.46651,-1,-1,-1,-1,,-1,-1,,-1,-1,-1,-1,-1,-1,-1,-1,,-1,-1,,-1,-1,-1,-1,-1,-1,-1,-1,,-1,-1,,-1,-1,-1,-1,-1,-1,-1,-1,,-1,-1,,-1,-1,-1,-1,-1,-1,-1,-1,,-1,-1,,-1,-1,-1,-1,-1,-1,-1,-1,,-1,-1,
102,-1,-1,-1,-1,-1,-1,-1,-1,,-1,-1,,0.755148,-0.352172,0.825464,-0.46651,-1,-1,-1,-1,,-1,-1,,-1,-1,-1,-1,-1,-1,-1,-1,,-1,-1,,-1,-1,-1,-1,-1,-1,-1,-1,,-1,-1,,-1,-1,-1,-1,-1,-1,-1,-1,,-1,-1,,-1,-1,-1,-1,-1,-1,-1,-1,,-1,-1,,-1,-1,-1,-1,-1,-1,-1,-1,,-1,-1,
103,-1,-1,-1,-1,-1,-1,-1,-1,,-1,-1,,0.755148,-0.352172,0.825464,-0.46651,-1,-1,-1,-1,,-1,-1,,-1,-1,-1,-1,-1,-1,-1,-1,,-1,-1,,-1,-1,-1,-1,-1,-1,-1,-1,,-1,-1,,-1,-1,-1,-1,-1,-1,-1,-1,,-1,-1,,-1,-1,-1,-1,-1,-1,-1,-1,,-1,-1,,-1,-1,-1,-1,-1,-1,-1,-1,,-1,-1,
104,-1,-1,-1,-1,-1,-1,-1,-1,,-1,-1,,0.755148,-0.352172,0.825464,-0.46651,-1,-1,-1,-1,,-1,-1,,-1,-1,-1,-1,-1,-1,-1,-1,,-1,-1,,-1,-1,-1,-1,-1,-1,-1,-1,,-1,-1,,-1,-1,-1,-1,-1,-1,-1,-1,,-1,-1,,-1,-1,-1,-1,-1,-1,-1,-1,,-1,-1,,-1,-1,-1,-1,-1,-1,-1,-1,,-1,-1,
105,-1,-1,-1,-1,-1,-1,-1,-1,,-1,-1,,0.755148,-0.352172,0.825464,-0.46651,-1,-1,-1,-1,,-1,-1,,-1,-1,-1,-1,-1,-1,-1,-1,,-1,-1,,-1,-1,-1,-1,-1,-1,-1,-1,,-1,-1,,-1,-1,-1,-1,-1,-1,-1,-1,,-1,-1,,-1,-1,-1,-1,-1,-1,-1,-1,,-1,-1,,-1,-1,-1,-1,-1,-1,-1,-1,,-1,-1,
106,-1,-1,-1,-1,-1,-1,-1,-1,,-1,-1,,0.755148,-0.352172,0.825464,-0.46651,-1,-1,-1,-1,,-1,-1,,-1,-1,-1,-1,-1,-1,-1,-1,,-1,-1,,-1,-1,-1,-1,-1,-1,-1,-1,,-1,-1,,-1,-1,-1,-1,-1,-1,-1,-1,,-1,-1,,-1,-1,-1,-1,-1,-1,-1,-1,,-1,-1,,-1,-1,-1,-1,-1,-1,-1,-1,,-1,-1,
107,-1,-1,-1,-1,-1,-1,-1,-1,,-1,-1,,0.755148,-0.352172,0.825464,-0.46651,-1,-1,-1,-1,,-1,-1,,-1,-1,-1,-1,-1,-1,-1,-1,,-1,-1,,-1,-1,-1,-1,-1,-1,-1,-1,,-1,-1,,-1,-1,-1,-1,-1,-1,-1,-1,,-1,-1,,-1,-1,-1,-1,-1,-1,-1,-1,,-1,-1,,-1,-1,-1,-1,-1,-1,-1,-1,,-1,-1,
108,-1,-1,-1,-1,-1,-1,-1,-1,,-1,-1,,0.755148,-0.352172,0.825464,-0.46651,-1,-1,-1,-1,,-1,-1,,-1,-1,-1,-1,-1,-1,-1,-1,,-1,-1,,-1,-1,-1,-1,-1,-1,-1,-1,,-1,-1,,-1,-1,-1,-1,-1,-1,-1,-1,,-1,-1,,-1,-1,-1,-1,-1,-1,-1,-1,,-1,-1,,-1,-1,-1,-1,-1,-1,-1,-1,,-1,-1,
109,-1,-1,-1,-1,-1,-1,-1,-1,,-1,-1,,0.755148,-0.352172,0.825464,-0.46651,-1,-1,-1,-1,,-1,-1,,-1,-1,-1,-1,-1,-1,-1,-1,,-1,-1,,-1,-1,-1,-1,-1,-1,-1,-1,,-1,-1,,-1,-1,-1,-1,-1,-1,-1,-1,,-1,-1,,-1,-1,-1,-1,-1,-1,-1,-1,,-1,-1,,-1,-1,-1,-1,-1,-1,-1,-1,,-1,-1,
110,-1,-1,-1,-1,-1,-1,-1,-1,,-1,-1,,0.755148,-0.352172,0.825464,-0.46651,-1,-1,-1,-1,,-1,-1,,-1,-1,-1,-1,-1,-1,-1,-1,,-1,-1,,-1,-1,-1,-1,-1,-1,-1,-1,,-1,-1,,-1,-1,-1,-1,-1,-1,-1,-1,,-1,-1,,-1,-1,-1,-1,-1,-1,-1,-1,,-1,-1,,-1,-1,-1,-1,-1,-1,-1,-1,,-1,-1,
111,-1,-1,-1,-1,-1,-1,-1,-1,,-1,-1,,0.755148,-0.352172,0.825464,-0.46651,-1,-1,-1,-1,,-1,-1,,-1,-1,-1,-1,-1,-1,-1,-1,,-1,-1,,-1,-1,-1,-1,-1,-1,-1,-1,,-1,-1,,-1,-1,-1,-1,-1,-1,-1,-1,,-1,-1,,-1,-1,-1,-1,-1,-1,-1,-1,,-1,-1,,-1,-1,-1,-1,-1,-1,-1,-1,,-1,-1,
112,-1,-1,-1,-1,-1,-1,-1,-1,,-1,-1,,0.755148,-0.352172,0.825464,-0.46651,-1,-1,-1,-1,,-1,-1,,-1,-1,-1,-1,-1,-1,-1,-1,,-1,-1,,-1,-1,-1,-1,-1,-1,-1,-1,,-1,-1,,-1,-1,-1,-1,-1,-1,-1,-1,,-1,-1,,-1,-1,-1,-1,-1,-1,-1,-1,,-1,-1,,-1,-1,-1,-1,-1,-1,-1,-1,,-1,-1,
113,-1,-1,-1,-1,-1,-1,-1,-1,,-1,-1,,0.755148,-0.352172,0.825464,-0.46651,-1,-1,-1,-1,,-1,-1,,-1,-1,-1,-1,-1,-1,-1,-1,,-1,-1,,-1,-1,-1,-1,-1,-1,-1,-1,,-1,-1,,-1,-1,-1,-1,-1,-1,-1,-1,,-1,-1,,-1,-1,-1,-1,-1,-1,-1,-1,,-1,-1,,-1,-1,-1,-1,-1,-1,-1,-1,,-1,-1,
114,-1,-1,-1,-1,-1,-1,-1,-1,,-1,-1,,0.755148,-0.352172,0.825464,-0.46651,-1,-1,-1,-1,,-1,-1,,-1,-1,-1,-1,-1,-1,-1,-1,,-1,-1,,-1,-1,-1,-1,-1,-1,-1,-1,,-1,-1,,-1,-1,-1,-1,-1,-1,-1,-1,,-1,-1,,-1,-1,-1,-1,-1,-1,-1,-1,,-1,-1,,-1,-1,-1,-1,-1,-1,-1,-1,,-1,-1,
115,-1,-1,-1,-1,-1,-1,-1,-1,,-1,-1,,0.755148,-0.352172,0.825464,-0.46651,-1,-1,-1,-1,,-1,-1,,-1,-1,-1,-1,-1,-1,-1,-1,,-1,-1,,-1,-1,-1,-1,-1,-1,-1,-1,,-1,-1,,-1,-1,-1,-1,-1,-1,-1,-1,,-1,-1,,-1,-1,-1,-1,-1,-1,-1,-1,,-1,-1,,-1,-1,-1,-1,-1,-1,-1,-1,,-1,-1,
116,-1,-1,-1,-1,-1,-1,-1,-1,,-1,-1,,0.755148,-0.352172,0.825464,-0.46651,-1,-1,-1,-1,,-1,-1,,-1,-1,-1,-1,-1,-1,-1,-1,,-1,-1,,-1,-1,-1,-1,-1,-1,-1,-1,,-1,-1,,-1,-1,-1,-1,-1,-1,-1,-1,,-1,-1,,-1,-1,-1,-1,-1,-1,-1,-1,,-1,-1,,-1,-1,-1,-1,-1,-1,-1,-1,,-1,-1,
117,-1,-1,-1,-1,-1,-1,-1,-1,,-1,-1,,0.755148,-0.352172,0.825464,-0.46651,-1,-1,-1,-1,,-1,-1,,-1,-1,-1,-1,-1,-1,-1,-1,,-1,-1,,-1,-1,-1,-1,-1,-1,-1,-1,,-1,-1,,-1,-1,-1,-1,-1,-1,-1,-1,,-1,-1,,-1,-1,-1,-1,-1,-1,-1,-1,,-1,-1,,-1,-1,-1,-1,-1,-1,-1,-1,,-1,-1,
118,-1,-1,-1,-1,-1,-1,-1,-1,,-1,-1,,0.755148,-0.352172,0.825464,-0.46651,-1,-1,-1,-1,,-1,-1,,-1,-1,-1,-1,-1,-1,-1,-1,,-1,-1,,-1,-1,-1,-1,-1,-1,-1,-1,,-1,-1,,-1,-1,-1,-1,-1,-1,-1,-1,,-1,-1,,-1,-1,-1,-1,-1,-1,-1,-1,,-1,-1,,-1,-1,-1,-1,-1,-1,-1,-1,,-1,-1,
119,-1,-1,-1,-1,-1,-1,-1,-1,,-1,-1,,0.755148,-0.352172,0.825464,-0.46651,-1,-1,-1,-1,,-1,-1,,-1,-1,-1,-1,-1,-1,-1,-1,,-1,-1,,-1,-1,-1,-1,-1,-1,-1,-1,,-1,-1,,-1,-1,-1,-1,-1,-1,-1,-1,,-1,-1,,-1,-1,-1,-1,-1,-1,-1,-1,,-1,-1,,-1,-1,-1,-1,-1,-1,-1,-1,,-1,-1,
120,-1,-1,-1,-1,-1,-1,-1,-1,,-1,-1,,0.755148,-0.352172,0.825464,-0.46651,-1,-1,-1,-1,,-1,-1,,-1,-1,-1,-1,-1,-1,-1,-1,,-1,-1,,-1,-1,-1,-1,-1,-1,-1,-1,,-1,-1,,-1,-1,-1,-1,-1,-1,-1,-1,,-1,-1,,-1,-1,-1,-1,-1,-1,-1,-1,,-1,-1,,-1,-1,-1,-1,-1,-1,-1,-1,,-1,-1,
121,-1,-1,-1,-1,-1,-1,-1,-1,,-1,-1,,0.755148,-0.352172,0.825464,-0.46651,-1,-1,-1,-1,,-1,-1,,-1,-1,-1,-1,-1,-1,-1,-1,,-1,-1,,-1,-1,-1,-1,-1,-1,-1,-1,,-1,-1,,-1,-1,-1,-1,-1,-1,-1,-1,,-1,-1,,-1,-1,-1,-1,-1,-1,-1,-1,,-1,-1,,-1,-1,-1,-1,-1,-1,-1,-1,,-1,-1,
